1.0 0.0 0.0994200719400111 0.17811792502451035 0.08796280250447412 0.22414848654499453 0.10446029262677893 0.0 0.0
0.0 1.0000000000000002 0.0 0.0 0.0 0.0 0.12689665653433504 0.0 0.0
0.0994200719400111 0.0 1.0 0.11233807486703001 0.10086058862902719 0.1413693173180524 0.0 0.0 0.0
0.17811792502451035 0.0 0.11233807486703001 1.0000000000000002 0.0993921217359792 0.2532728952159342 0.11803318932236981 0.0 0.13231329791350763
0.08796280250447412 0.0 0.10086058862902719 0.0993921217359792 1.0 0.12507777450556923 0.2527540969170692 0.0 0.08980661999416857
0.22414848654499453 0.0 0.1413693173180524 0.2532728952159342 0.12507777450556923 1.0000000000000002 0.14853620569096193 0.04212942426164233 0.0
0.10446029262677893 0.12689665653433504 0.0 0.11803318932236981 0.2527540969170692 0.14853620569096193 1.0 0.0 0.09141233887329402
0.0 0.0 0.0 0.0 0.0 0.04212942426164233 0.0 1.0000000000000002 0.0
0.0 0.0 0.0 0.13231329791350763 0.08980661999416857 0.0 0.09141233887329402 0.0 1.0000000000000002
